270
1056
1072
1073
1086
1090
1080
1096
32
1082
1072
1090
1086
32
1087
1080
1083
1086
1090
32
1085
1072
32
1073
1072
1083
1086
1085
46
32
1054
1073
1077
1097
1072
1083
32
1089
1080
32
1076
1072
32
1079
1072
1082
1072
1088
1072
1096
32
1087
1098
1090
1085
1080
1094
1080
1090
1077
13
10
1076
1086
32
1076
1088
1091
1075
1086
1090
1086
32
1089
1077
1083
1086
44
32
1085
1086
32
1090
1088
1103
1073
1074
1072
32
1076
1072
32
1084
1080
1085
1077
1096
32
1087
1088
1077
1079
32
1076
1078
1091
1085
1075
1083
1072
1090
1072
46
13
10
13
10
1059
1087
1088
1072
1074
1083
1103
1074
1072
1081
32
1073
1072
1083
1086
1085
1072
32
1089
1098
1089
32
1089
1090
1088
1077
1083
1082
1080
1090
1077
32
1080
32
1089
1077
32
1087
1072
1079
1080
32
1086
1090
32
1087
1090
1080
1094
1080
1090
1077
32
1080
32
13
10
1075
1086
1088
1080
1083
1080
1090
1077
44
32
1082
1086
1080
1090
1086
32
1090
1077
32
1079
1072
1084
1077
1088
1103
1090
32
1080
32
1089
32
1073
1072
1085
1072
1085
1080
46
32
1050
1086
1075
1072
1090
1086
32
1080
1079
1083
1077
1079
1077
1096
32
1086
1090
32
13
10
1076
1078
1091
1085
1075
1083
1072
1090
1072
44
32
1084
1080
1085
1072
1074
1072
1096
32
1085
1072
32
1089
1083
1077
1076
1074
1072
1097
1086
32
1085
1080
1074
1086
46
13
10
0
